static	0 mrad/s	0.5 mrad/s	1 mrad/s
9.41	9.39	9.42	9.41
9.41	9.39	9.4	9.4
9.41	9.41	9.38	9.41
9.41	9.41	9.41	9.4
9.4	9.41	9.4	9.41
9.4	9.4	9.41	9.4
9.41	9.4	9.4	9.4
9.41	9.39	9.41	9.4
9.39	9.39	9.41	9.39
9.41	9.36	9.41	9.41
9.4	9.41	9.41	9.38
9.41	9.42	9.41	9.42
9.41	9.41	9.42	9.41
9.41	9.4	9.42	9.41
9.41	9.39	9.41	9.42
9.41	9.41	9.41	9.41
9.37	9.41	9.42	9.42
9.41	9.41	9.41	9.4
9.41	9.42	9.41	9.41
9.41	9.41	9.41	9.41
9.41	9.41	9.42	9.41
9.41	9.41	9.41	9.41
9.41	9.41	9.41	9.42
9.41	9.41	9.42	9.42
9.41	9.41	9.41	9.41
9.42	9.41	9.41	9.41
9.41	9.42	9.41	9.41
9.41	9.35	9.42	9.41
9.42	9.43	9.41	9.42
9.42	9.41	9.42	9.41
9.41	9.42	9.41	9.41
9.41	9.42	9.42	9.41
9.41	9.41	9.41	9.42
9.41	9.41	9.4	9.41
9.42	9.41	9.41	9.41
9.41	9.41	9.42	9.41
9.42	9.41	9.41	9.42
9.41	9.41	9.41	9.42
9.39	9.41	9.41	9.41
9.42	9.41	9.42	9.41
9.41	9.42	9.41	9.42
9.38	9.41	9.41	9.41
9.42	9.41	9.4	9.41
9.41	9.41	9.41	9.42
9.41	9.41	9.42	9.41
9.41	9.41	9.41	9.41
9.38	9.41	9.41	9.41
9.41	9.42	9.39	9.41
9.42	9.41	9.4	9.42
9.41	9.41	9.42	9.41
9.39	9.37	9.4	9.4
9.4	9.41	9.41	9.41
9.41	9.39	9.4	9.41
9.41	9.41	9.41	9.41
9.4	9.41	9.4	9.41
9.41	9.41	9.41	9.41
9.41	9.41	9.41	9.41
9.41	9.35	9.41	9.41
9.41	9.42	9.4	9.41
9.41	9.4	9.41	9.41
		9.41	9.4
		9.41	9.41
		9.41	9.41
		9.42	9.41
		9.41	9.38
		9.41	9.41
		9.41	9.42
		9.41	9.42
		9.41	9.4
		9.41	9.42
		9.42	9.41
		9.41	9.41
		9.41	9.41
		9.41	9.41
		9.42	9.41
		9.41	9.4
		9.41	9.42
		9.42	9.41
		9.41	9.42
		9.41	9.41
		9.42	9.41
		9.42	9.42
		9.41	9.42
		9.41	9.41
		9.39	9.41
		9.41	9.41
		9.41	9.41
		9.41	9.41
		9.38	9.41
		9.42	9.42
		9.41	9.41
		9.41	9.42
		9.42	9.39
		9.41	9.42
		9.42	9.41
		9.41	9.41
		9.42	9.39
		9.36	9.42
		9.43	9.41
		9.41	9.42
		9.4	9.41
		9.41	9.41
		9.39	9.4
		9.41	9.4
		9.41	9.41
		9.41	9.41
		9.41	9.4
		9.4	9.41
		9.41	9.41
		9.41	9.41
		9.41	9.41
		9.41	9.4
		9.4	9.39
		9.41	9.42
		9.42	9.41
		9.39	9.41
		9.41	9.42
		9.41	9.41
		9.41	9.41
		9.41	9.41
		9.41	9.41
		9.42	9.41
		9.41	9.41
		9.42	9.41
		9.41	9.4
		9.41	9.41
		9.41	9.41
		9.41	9.41
		9.42	9.41
		9.42	9.41
		9.42	9.41
		9.42	9.41
		9.41	9.4
		9.41	9.41
		9.41	9.42
		9.41	9.41
		9.41	9.41
		9.41	9.41
		9.41	9.41
		9.39	9.42
		9.42	9.41
		9.41	9.42
		9.41	9.41
		9.41	9.41
		9.41	9.42
		9.41	9.41
		9.41	9.42
		9.41	9.41
		9.41	9.41
		9.41	9.42
		9.4	9.42
		9.41	9.41
		9.41	9.41
		9.41	9.41
		9.39	9.39
		9.4	9.41
		9.42	9.41
		9.41	9.4
		9.41	9.41
		9.4	9.41
		9.39	9.41
		9.41	9.41
		9.41	9.41
		9.41	9.4
		9.34	9.41
		9.41	9.41
		9.41	9.41
		9.4	9.41
		9.4	9.42
		9.42	9.41
		9.41	9.42
		9.41	9.41
		9.41	9.41
		9.42	9.41
		9.42	9.41
		9.41	9.41
		9.41	9.4
		9.41	9.41
		9.41	9.42
		9.4	9.41
		9.41	9.41
		9.41	9.41
		9.39	9.41
		9.42	9.42
		9.42	9.41
		9.41	9.42
		9.41	9.41
		9.41	9.41
		9.42	9.41
		9.41	9.41
		9.4	9.41
		9.42	9.41
		9.42	9.41
		9.41	9.41
		9.42	9.41
		9.41	9.41
		9.41	9.4
		9.41	9.41
		9.41	9.42
		9.41	9.41
		9.42	9.41
		9.41	9.42
		9.41	9.39
		9.41	9.41
		9.41	9.41
		9.42	9.42
		9.39	9.4
		9.41	9.41
		9.41	9.41
		9.41	9.41
		9.4	9.4
		9.41	9.41
		9.41	9.41
		9.41	9.41
		9.4	9.41
		9.41	9.41
		9.41	9.41
		9.41	9.42
		9.41	9.41
		9.42	9.41
		9.42	9.41
		9.41	9.42
		9.41	9.42
		9.42	9.38
		9.42	9.41
		9.41	9.41
		9.41	9.41
		9.39	9.42
		9.41	9.41
		9.42	9.42
		9.41	9.41
		9.41	9.41
		9.41	9.4
		9.38	9.41
		9.42	9.41
		9.41	9.41
		9.42	9.41
		9.41	9.42
		9.41	9.42
		9.41	9.41
		9.36	9.42
		9.4	9.41
		9.42	9.41
		9.42	9.41
		9.41	9.41
		9.41	9.42
		9.4	9.41
		9.41	9.41
		9.41	9.4
		9.41	9.41
		9.42	9.42
		9.41	9.42
		9.41	9.41
		9.41	9.41
		9.41	9.41
		9.41	9.41
		9.41	9.41
		9.41	9.4
		9.38	9.4
		9.4	9.4
		9.42	9.41
		9.41	9.41
		9.41	9.41
		9.41	9.41
		9.4	9.42
		9.41	9.41
		9.41	9.41
		9.4	9.41
		9.41	9.4
		9.41	9.41
		9.41	9.42
		9.41	9.41
		9.42	9.41
		9.41	9.41
		9.42	9.41
		9.4	9.42
		9.41	9.41
		9.41	9.41
		9.41	9.42
		9.41	9.41
		9.41	9.42
		9.41	9.41
		9.42	9.42
		9.41	9.41
		9.39	9.42
		9.42	9.41
		9.41	9.42
		9.4	9.42
		9.42	9.41
		9.37	9.42
		9.42	9.41
		9.41	9.42
		9.41	9.41
		9.41	9.42
		9.41	9.42
		9.41	9.41
		9.41	9.41
		9.41	9.42
		9.42	9.41
		9.41	9.42
		9.13	9.41
		9.1	9.41
		9.11	9.41
		9.06	9.41
		9.11	9.42
		9.12	9.41
		9.11	9.41
		9.12	9.39
		9.08	9.4
		9.06	9.38
		8.35	9.41
		9.12	9.41
		9.39	9.41
		9.41	9.4
		9.33	9.41
		9.41	9.41
		9.41	9.41
		9.42	9.41
		9.41	9.41
		9.4	9.4
		9.38	9.41
		9.41	9.41
		9.41	9.41
		9.41	9.42
		9.41	9.41
		9.41	9.41
		9.38	9.41
		9.41	9.42
		9.41	9.41
		9.4	9.41
		9.32	9.41
		9.41	9.41
		9.41	9.42
		9.4	9.42
		9.41	9.42
		9.41	9.41
		9.34	9.41
		9.41	9.42
		9.39	9.41
		9.4	9.41
		9.41	9.4
		9.41	9.41
		9.41	9.42
		9.41	9.38
		9.33	9.41
		9.41	9.41
		9.38	9.41
		9.38	9.42
		9.41	9.41
		9.41	9.41
		9.41	9.41
		9.41	9.42
		9.41	9.41
		9.41	9.42
		9.41	9.42
		9.41	9.41
		9.33	9.41
		9.41	9.42
		9.41	9.41
		9.41	9.42
		9.41	9.41
		9.4	9.4
		9.38	9.41
		9.41	9.41
		9.36	9.41
		9.41	9.41
		9.41	9.41
		9.38	9.41
		9.4	9.4
		9.41	9.41
		9.33	9.41
		9.41	9.39
		9.41	9.42
		9.4	9.42
		9.41	9.41
		9.41	9.41
		9.37	9.41
		9.41	9.41
		9.41	9.42
		9.4	9.42
		9.4	9.41
		9.41	9.41
		9.39	9.42
		9.41	9.41
		9.42	9.42
		9.41	9.42
		9.41	9.41
		9.41	9.41
		9.41	9.42
		9.35	9.41
		9.41	9.41
		9.36	9.41
		9.41	9.41
		9.4	9.41
		9.41	9.41
		9.41	9.41
		9.4	9.41
		9.35	9.41
		9.41	9.42
		9.41	9.41
		9.41	9.42
		9.4	9.41
		9.41	9.41
		9.37	9.42
		9.4	9.41
		9.41	9.42
		9.41	9.41
		9.37	9.4
		9.41	9.4
		9.37	9.41
		9.41	9.41
		9.41	9.41
		9.28	9.41
		9.3	9.39
		8.94	9.41
		9.31	9.41
		9.37	9.4
		9.39	9.4
		9.41	9.4
		9.41	9.41
		9.41	9.41
		9.41	9.41
		9.28	9.41
		8.97	9.41
		9.11	9.41
		9.23	9.41
		8.64	9.41
		9.35	9.4
		9.34	9.4
		8.93	9.41
		9.41	9.41
		9.26	9.41
		9.3	9.41
		9.36	9.41
		9.32	9.41
		9.4	9.41
		9.35	9.39
		9.38	9.41
		9.41	9.41
		9.37	9.42
		9.33	9.41
		9.05	9.42
		9.37	9.41
		9.4	9.4
		9.41	9.42
		9.41	9.41
		9.41	9.42
		9.41	9.41
		9.42	9.41
		9.41	9.42
		9.41	9.41
		9.41	9.42
		9.41	9.41
		9.41	9.41
		9.41	9.41
		9.42	9.42
		9.37	9.41
		9.41	9.41
		9.42	9.41
		9.41	9.42
		9.41	9.41
		9.41	9.41
		9.42	9.41
		9.41	9.41
		9.41	9.41
		9.39	9.35
		9.4	9.41
		9.4	9.41
		9.41	9.41
		9.41	9.41
		9.41	9.41
		9.41	9.41
		9.41	9.41
		9.41	9.41
		9.41	9.41
		9.41	9.41
		9.41	9.41
		9.39	9.41
		9.41	9.42
		9.4	9.42
		9.42	9.41
		9.39	9.41
		9.42	9.41
		9.42	9.41
		9.41	9.41
		9.42	9.41
		9.41	9.41
		9.41	9.42
		9.41	9.39
		9.42	9.42
		9.42	9.41
		9.41	9.41
		9.41	9.41
		9.41	9.42
		9.4	9.38
		9.4	9.42
		9.42	9.41
		9.41	9.41
		9.42	9.41
		9.41	9.41
		9.42	9.41
		9.41	9.41
		9.4	9.4
		9.41	9.42
		9.41	9.42
		9.42	9.41
		9.42	9.41
		9.41	9.42
		9.41	9.41
		9.42	9.41
		9.42	9.42
		9.41	9.42
		9.41	9.41
		9.41	9.41
		9.41	9.42
		9.42	9.41
		9.41	9.4
		9.37	9.4
		9.41	9.41
		9.41	9.4
		9.41	9.36
		9.41	9.41
		9.42	9.41
		9.41	9.41
		9.41	9.41
		9.4	9.39
		9.38	9.41
		9.4	9.41
		9.42	9.38
		9.41	9.41
		9.42	9.42
		9.41	9.41
		9.41	9.42
		9.42	9.41
		9.41	9.41
		9.41	9.41
		9.42	9.41
		9.38	9.42
		9.42	9.41
		9.41	9.41
		9.42	9.41
		9.41	9.39
		9.41	9.42
		9.42	9.42
		9.42	9.41
		9.41	9.41
		9.41	9.42
		9.41	9.41
		9.42	9.4
		9.42	9.41
		9.41	9.42
		9.41	9.41
		9.42	9.41
		9.41	9.42
		9.41	9.41
		9.41	9.4
		9.41	9.4
		9.42	9.42
		9.41	9.41
		9.4	9.41
		9.42	9.42
		9.41	9.41
		9.42	9.42
		9.38	9.41
		9.42	9.41
		9.42	9.41
		9.41	9.41
		9.41	9.37
		9.42	9.41
		9.37	9.38
		9.41	9.4
		9.41	9.41
		9.41	9.4
		9.4	9.41
		9.41	9.41
		9.41	9.38
		9.41	9.41
		9.41	9.41
		9.41	9.41
		9.41	9.41
		9.41	9.41
		9.41	9.41
		9.42	9.41
		9.42	9.41
		9.41	9.41
		9.41	9.42
		9.41	9.42
		9.4	9.41
		9.42	9.42
		9.41	9.41
		9.41	9.42
		9.42	9.41
		9.41	9.41
		9.38	9.42
		9.42	9.41
		9.41	9.41
		9.41	9.42
		9.41	9.41
		9.41	9.41
		9.41	9.41
